0 0 0 0 0 0 0 0 0 0 0 0 0 0 0 0 0 0 0 0 0 0
0 4 0 0 0 0 0 4 0 2O 8O 2O 0 0 0 0 4 0 0 0 0 0
0 0 4 0 0 0 4 0 0 0 2S 0 0 0 0 4 0 0 0 0 0
0 0 0 1 0 6O 0 0 0 0 0 0 1 0 6O 0 0 0 0 0 0 0
0 0 0 0 5 0 0 1 0 6O 0 0 0 5 0 0 1 0 6O 0 0 0
0 0 0 6S 9E 6N 0 0 5 0 0 0 6S 9E 6N 0 0 5 0 0 0 0
0 0 0 0 5 0 0 6S 9O 6N 0 0 0 5 0 0 6S 9O 6N 0 0 0
0 0 0 6E 0 3 0 0 5 0 0 0 6E 0 3 0 0 5 0 0 0 0
0 0 0 0 0 0 0 6E 0 3 0 0 0 0 0 0 6E 0 3 0 0 0
0 0 0 0 0 0 0 0 0 0 4 0 0 0 0 0 0 0 0 4 0 0
0 7NE 0 0 0 0 0 0 0 0 0 4 0 0 0 0 0 0 0 0 4 0
0 0 0 0 0 0 0 0 0 0 0 0 0 0 0 0 0 0 0 0 0 0