0 0 0 0 0 0 0 0 0 0 0 0 0 0 0 0 0 0 0 0 0 0
0 9E 1 7SE 0 0 0 0 0 0 5 5 0 0 0 0 0 0 0 1 9O 0
0 6S 0 0 0 6S 0 1 0 6E 0 0 6O 0 1 0 6S 0 0 0 6S 0
0 0 0 0 6E 0 0 0 4 3 0 0 3 4 0 0 0 6O 0 0 0 0
0 4 6N 4 0 1 0 6N 0 2O 0 0 2E 0 6N 0 1 0 4 6S 4 0
0 0 0 0 0 0 5 0 0 0 6O 6N 0 0 0 5 0 0 0 0 0 0
0 0 0 0 0 0 5 0 0 0 6S 6E 0 0 0 5 0 0 0 0 8O 0
0 4 6S 4 0 1 0 6S 0 2O 0 0 2E 0 6S 0 1 0 4 6N 4 0
0 0 0 0 6E 0 0 0 4 3 0 0 3 4 0 0 0 6O 0 0 0 0
0 6N 0 0 0 6N 0 1 0 6E 0 0 6O 0 1 0 6N 0 0 0 6N 0
0 9E 1 0 0 0 0 0 0 0 5 5 0 0 0 0 0 0 7SO 1 9O 0
0 0 0 0 0 0 0 0 0 0 0 0 0 0 0 0 0 0 0 0 0 0